
Initial principal: 24.00
    Interest rate: 0.05

Year       Amount on deposit
   1                   25.20
   2                   26.46
   3                   27.78
   4                   29.17
   5                   30.63
   6                   32.16
   7                   33.77
   8                   35.46
   9                   37.23
  10                   39.09
  11                   41.05
  12                   43.10
  13                   45.26
  14                   47.52
  15                   49.89
  16                   52.39
  17                   55.01
  18                   57.76
  19                   60.65
  20                   63.68
  21                   66.86
  22                   70.21
  23                   73.72
  24                   77.40
  25                   81.27
  26                   85.34
  27                   89.60
  28                   94.08
  29                   98.79
  30                  103.73
  31                  108.91
  32                  114.36
  33                  120.08
  34                  126.08
  35                  132.38
  36                  139.00
  37                  145.95
  38                  153.25
  39                  160.91
  40                  168.96
  41                  177.41
  42                  186.28
  43                  195.59
  44                  205.37
  45                  215.64
  46                  226.42
  47                  237.74
  48                  249.63
  49                  262.11
  50                  275.22
  51                  288.98
  52                  303.43
  53                  318.60
  54                  334.53
  55                  351.26
  56                  368.82
  57                  387.26
  58                  406.62
  59                  426.95
  60                  448.30
  61                  470.72
  62                  494.25
  63                  518.96
  64                  544.91
  65                  572.16
  66                  600.77
  67                  630.80
  68                  662.34
  69                  695.46
  70                  730.23
  71                  766.75
  72                  805.08
  73                  845.34
  74                  887.60
  75                  931.98
  76                  978.58
  77                 1027.51
  78                 1078.89
  79                 1132.83
  80                 1189.47
  81                 1248.95
  82                 1311.40
  83                 1376.97
  84                 1445.81
  85                 1518.10
  86                 1594.01
  87                 1673.71
  88                 1757.40
  89                 1845.27
  90                 1937.53
  91                 2034.41
  92                 2136.13
  93                 2242.93
  94                 2355.08
  95                 2472.83
  96                 2596.47
  97                 2726.30
  98                 2862.61
  99                 3005.74
 100                 3156.03
 101                 3313.83
 102                 3479.52
 103                 3653.50
 104                 3836.17
 105                 4027.98
 106                 4229.38
 107                 4440.85
 108                 4662.89
 109                 4896.04
 110                 5140.84
 111                 5397.88
 112                 5667.78
 113                 5951.17
 114                 6248.72
 115                 6561.16
 116                 6889.22
 117                 7233.68
 118                 7595.36
 119                 7975.13
 120                 8373.89
 121                 8792.58
 122                 9232.21
 123                 9693.82
 124                10178.51
 125                10687.44
 126                11221.81
 127                11782.90
 128                12372.05
 129                12990.65
 130                13640.18
 131                14322.19
 132                15038.30
 133                15790.21
 134                16579.72
 135                17408.71
 136                18279.15
 137                19193.10
 138                20152.76
 139                21160.40
 140                22218.42
 141                23329.34
 142                24495.80
 143                25720.59
 144                27006.62
 145                28356.96
 146                29774.80
 147                31263.54
 148                32826.72
 149                34468.06
 150                36191.46
 151                38001.03
 152                39901.08
 153                41896.14
 154                43990.95
 155                46190.49
 156                48500.02
 157                50925.02
 158                53471.27
 159                56144.83
 160                58952.07
 161                61899.68
 162                64994.66
 163                68244.40
 164                71656.62
 165                75239.45
 166                79001.42
 167                82951.49
 168                87099.06
 169                91454.02
 170                96026.72
 171               100828.05
 172               105869.46
 173               111162.93
 174               116721.08
 175               122557.13
 176               128684.99
 177               135119.23
 178               141875.20
 179               148968.96
 180               156417.40
 181               164238.27
 182               172450.19
 183               181072.70
 184               190126.33
 185               199632.65
 186               209614.28
 187               220095.00
 188               231099.75
 189               242654.73
 190               254787.47
 191               267526.84
 192               280903.18
 193               294948.34
 194               309695.76
 195               325180.55
 196               341439.58
 197               358511.56
 198               376437.13
 199               395258.99
 200               415021.94
 201               435773.04
 202               457561.69
 203               480439.77
 204               504461.76
 205               529684.85
 206               556169.09
 207               583977.55
 208               613176.42
 209               643835.25
 210               676027.01
 211               709828.36
 212               745319.78
 213               782585.76
 214               821715.05
 215               862800.81
 216               905940.85
 217               951237.89
 218               998799.78
 219              1048739.77
 220              1101176.76
 221              1156235.60
 222              1214047.38
 223              1274749.75
 224              1338487.23
 225              1405411.60
 226              1475682.18
 227              1549466.28
 228              1626939.60
 229              1708286.58
 230              1793700.91
 231              1883385.95
 232              1977555.25
 233              2076433.01
 234              2180254.66
 235              2289267.40
 236              2403730.77
 237              2523917.30
 238              2650113.17
 239              2782618.83
 240              2921749.77
 241              3067837.26
 242              3221229.12
 243              3382290.58
 244              3551405.11
 245              3728975.36
 246              3915424.13
 247              4111195.34
 248              4316755.10
 249              4532592.86
 250              4759222.50
 251              4997183.63
 252              5247042.81
 253              5509394.95
 254              5784864.69
 255              6074107.93
 256              6377813.33
 257              6696703.99
 258              7031539.19
 259              7383116.15
 260              7752271.96
 261              8139885.56
 262              8546879.84
 263              8974223.83
 264              9422935.02
 265              9894081.77
 266             10388785.86
 267             10908225.15
 268             11453636.41
 269             12026318.23
 270             12627634.14
 271             13259015.85
 272             13921966.64
 273             14618064.97
 274             15348968.22
 275             16116416.63
 276             16922237.46
 277             17768349.34
 278             18656766.80
 279             19589605.14
 280             20569085.40
 281             21597539.67
 282             22677416.65
 283             23811287.49
 284             25001851.86
 285             26251944.45
 286             27564541.68
 287             28942768.76
 288             30389907.20
 289             31909402.56
 290             33504872.68
 291             35180116.32
 292             36939122.13
 293             38786078.24
 294             40725382.15
 295             42761651.26
 296             44899733.82
 297             47144720.52
 298             49501956.54
 299             51977054.37
 300             54575907.09
 301             57304702.44
 302             60169937.56
 303             63178434.44
 304             66337356.16
 305             69654223.97
 306             73136935.17
 307             76793781.93
 308             80633471.02
 309             84665144.58
 310             88898401.80
 311             93343321.89
 312             98010487.99
 313            102911012.39
 314            108056563.01
 315            113459391.16
 316            119132360.72
 317            125088978.75
 318            131343427.69
 319            137910599.07
 320            144806129.03
 321            152046435.48
 322            159648757.25
 323            167631195.12
 324            176012754.87
 325            184813392.62
 326            194054062.25
 327            203756765.36
 328            213944603.63
 329            224641833.81
 330            235873925.50
 331            247667621.77
 332            260051002.86
 333            273053553.01
 334            286706230.66
 335            301041542.19
 336            316093619.30
 337            331898300.26
 338            348493215.28
 339            365917876.04
 340            384213769.84
 341            403424458.33
 342            423595681.25
 343            444775465.31
 344            467014238.58
 345            490364950.51
 346            514883198.03
 347            540627357.94
 348            567658725.83
 349            596041662.12
 350            625843745.23
 351            657135932.49
 352            689992729.12
 353            724492365.57
 354            760716983.85
 355            798752833.04
 356            838690474.70
 357            880624998.43
 358            924656248.35
 359            970889060.77
 360           1019433513.81
 361           1070405189.50
 362           1123925448.97
 363           1180121721.42
 364           1239127807.49
 365           1301084197.87
 366           1366138407.76
 367           1434445328.15
 368           1506167594.56
 369           1581475974.28
 370           1660549773.00
 371           1743577261.65
 372           1830756124.73
 373           1922293930.97
 374           2018408627.52
 375           2119329058.89
 376           2225295511.84
 377           2336560287.43
 378           2453388301.80
 379           2576057716.89
 380           2704860602.73
 381           2840103632.87
 382           2982108814.52
 383           3131214255.24
 384           3287774968.00
 385           3452163716.40
 386           3624771902.22
 387           3806010497.33
 388           3996311022.20
 389           4196126573.31
 390           4405932901.98

Initial principal: 24.00
    Interest rate: 0.06

Year       Amount on deposit
   1                   25.44
   2                   26.97
   3                   28.58
   4                   30.30
   5                   32.12
   6                   34.04
   7                   36.09
   8                   38.25
   9                   40.55
  10                   42.98
  11                   45.56
  12                   48.29
  13                   51.19
  14                   54.26
  15                   57.52
  16                   60.97
  17                   64.63
  18                   68.50
  19                   72.61
  20                   76.97
  21                   81.59
  22                   86.48
  23                   91.67
  24                   97.17
  25                  103.00
  26                  109.19
  27                  115.74
  28                  122.68
  29                  130.04
  30                  137.84
  31                  146.11
  32                  154.88
  33                  164.17
  34                  174.02
  35                  184.47
  36                  195.53
  37                  207.27
  38                  219.70
  39                  232.88
  40                  246.86
  41                  261.67
  42                  277.37
  43                  294.01
  44                  311.65
  45                  330.35
  46                  350.17
  47                  371.18
  48                  393.45
  49                  417.06
  50                  442.08
  51                  468.61
  52                  496.73
  53                  526.53
  54                  558.12
  55                  591.61
  56                  627.10
  57                  664.73
  58                  704.61
  59                  746.89
  60                  791.70
  61                  839.21
  62                  889.56
  63                  942.93
  64                  999.51
  65                 1059.48
  66                 1123.05
  67                 1190.43
  68                 1261.86
  69                 1337.57
  70                 1417.82
  71                 1502.89
  72                 1593.07
  73                 1688.65
  74                 1789.97
  75                 1897.37
  76                 2011.21
  77                 2131.88
  78                 2259.79
  79                 2395.38
  80                 2539.10
  81                 2691.45
  82                 2852.94
  83                 3024.11
  84                 3205.56
  85                 3397.89
  86                 3601.77
  87                 3817.87
  88                 4046.95
  89                 4289.76
  90                 4547.15
  91                 4819.98
  92                 5109.18
  93                 5415.73
  94                 5740.67
  95                 6085.11
  96                 6450.22
  97                 6837.23
  98                 7247.46
  99                 7682.31
 100                 8143.25
 101                 8631.85
 102                 9149.76
 103                 9698.74
 104                10280.67
 105                10897.51
 106                11551.36
 107                12244.44
 108                12979.10
 109                13757.85
 110                14583.32
 111                15458.32
 112                16385.82
 113                17368.97
 114                18411.11
 115                19515.77
 116                20686.72
 117                21927.92
 118                23243.60
 119                24638.21
 120                26116.51
 121                27683.50
 122                29344.51
 123                31105.18
 124                32971.49
 125                34949.78
 126                37046.76
 127                39269.57
 128                41625.74
 129                44123.29
 130                46770.68
 131                49576.93
 132                52551.54
 133                55704.63
 134                59046.91
 135                62589.73
 136                66345.11
 137                70325.82
 138                74545.37
 139                79018.09
 140                83759.17
 141                88784.72
 142                94111.81
 143                99758.51
 144               105744.03
 145               112088.67
 146               118813.99
 147               125942.83
 148               133499.40
 149               141509.36
 150               149999.92
 151               158999.92
 152               168539.91
 153               178652.31
 154               189371.44
 155               200733.73
 156               212777.76
 157               225544.42
 158               239077.09
 159               253421.71
 160               268627.01
 161               284744.63
 162               301829.31
 163               319939.07
 164               339135.42
 165               359483.54
 166               381052.55
 167               403915.71
 168               428150.65
 169               453839.69
 170               481070.07
 171               509934.27
 172               540530.33
 173               572962.15
 174               607339.88
 175               643780.27
 176               682407.09
 177               723351.51
 178               766752.60
 179               812757.76
 180               861523.22
 181               913214.62
 182               968007.49
 183              1026087.94
 184              1087653.22
 185              1152912.41
 186              1222087.16
 187              1295412.39
 188              1373137.13
 189              1455525.36
 190              1542856.88
 191              1635428.29
 192              1733553.99
 193              1837567.23
 194              1947821.27
 195              2064690.54
 196              2188571.97
 197              2319886.29
 198              2459079.47
 199              2606624.24
 200              2763021.69
 201              2928802.99
 202              3104531.17
 203              3290803.04
 204              3488251.23
 205              3697546.30
 206              3919399.08
 207              4154563.02
 208              4403836.81
 209              4668067.01
 210              4948151.03
 211              5245040.10
 212              5559742.50
 213              5893327.05
 214              6246926.68
 215              6621742.28
 216              7019046.81
 217              7440189.62
 218              7886601.00
 219              8359797.06
 220              8861384.88
 221              9393067.98
 222              9956652.05
 223             10554051.18
 224             11187294.25
 225             11858531.90
 226             12570043.82
 227             13324246.45
 228             14123701.23
 229             14971123.31
 230             15869390.70
 231             16821554.15
 232             17830847.40
 233             18900698.24
 234             20034740.13
 235             21236824.54
 236             22511034.01
 237             23861696.06
 238             25293397.82
 239             26811001.69
 240             28419661.79
 241             30124841.50
 242             31932331.99
 243             33848271.91
 244             35879168.22
 245             38031918.31
 246             40313833.41
 247             42732663.42
 248             45296623.22
 249             48014420.61
 250             50895285.85
 251             53949003.00
 252             57185943.18
 253             60617099.77
 254             64254125.76
 255             68109373.31
 256             72195935.70
 257             76527691.85
 258             81119353.36
 259             85986514.56
 260             91145705.43
 261             96614447.76
 262            102411314.62
 263            108555993.50
 264            115069353.11
 265            121973514.30
 266            129291925.15
 267            137049440.66
 268            145272407.10
 269            153988751.53
 270            163228076.62
 271            173021761.22
 272            183403066.89
 273            194407250.91
 274            206071685.96
 275            218435987.12
 276            231542146.34
 277            245434675.13
 278            260160755.63
 279            275770400.97
 280            292316625.03
 281            309855622.53
 282            328446959.88
 283            348153777.48
 284            369043004.12
 285            391185584.37
 286            414656719.43
 287            439536122.60
 288            465908289.96
 289            493862787.35
 290            523494554.59
 291            554904227.87
 292            588198481.54
 293            623490390.44
 294            660899813.86
 295            700553802.69
 296            742587030.85
 297            787142252.71
 298            834370787.87
 299            884433035.14
 300            937499017.25
 301            993748958.28
 302           1053373895.78
 303           1116576329.53
 304           1183570909.30
 305           1254585163.86
 306           1329860273.69
 307           1409651890.11
 308           1494231003.52
 309           1583884863.73
 310           1678917955.55
 311           1779653032.88
 312           1886432214.86
 313           1999618147.75
 314           2119595236.61
 315           2246770950.81
 316           2381577207.86
 317           2524471840.33
 318           2675940150.75
 319           2836496559.80
 320           3006686353.38
 321           3187087534.59
 322           3378312786.66
 323           3581011553.86
 324           3795872247.09
 325           4023624581.92
 326           4265042056.84
 327           4520944580.25
 328           4792201255.06
 329           5079733330.36
 330           5384517330.19
 331           5707588370.00
 332           6050043672.20
 333           6413046292.53
 334           6797829070.08
 335           7205698814.28
 336           7638040743.14
 337           8096323187.73
 338           8582102578.99
 339           9097028733.73
 340           9642850457.76
 341          10221421485.22
 342          10834706774.34
 343          11484789180.80
 344          12173876531.64
 345          12904309123.54
 346          13678567670.96
 347          14499281731.21
 348          15369238635.09
 349          16291392953.19
 350          17268876530.38
 351          18305009122.20
 352          19403309669.54
 353          20567508249.71
 354          21801558744.69
 355          23109652269.37
 356          24496231405.54
 357          25966005289.87
 358          27523965607.26
 359          29175403543.70
 360          30925927756.32
 361          32781483421.70
 362          34748372427.00
 363          36833274772.62
 364          39043271258.98
 365          41385867534.51
 366          43869019586.58
 367          46501160761.78
 368          49291230407.49
 369          52248704231.94
 370          55383626485.85
 371          58706644075.00
 372          62229042719.50
 373          65962785282.67
 374          69920552399.63
 375          74115785543.61
 376          78562732676.23
 377          83276496636.80
 378          88273086435.01
 379          93569471621.11
 380          99183639918.38
 381         105134658313.48
 382         111442737812.29
 383         118129302081.03
 384         125217060205.89
 385         132730083818.24
 386         140693888847.33
 387         149135522178.18
 388         158083653508.87
 389         167568672719.40
 390         177622793082.56

Initial principal: 24.00
    Interest rate: 0.07

Year       Amount on deposit
   1                   25.68
   2                   27.48
   3                   29.40
   4                   31.46
   5                   33.66
   6                   36.02
   7                   38.54
   8                   41.24
   9                   44.12
  10                   47.21
  11                   50.52
  12                   54.05
  13                   57.84
  14                   61.88
  15                   66.22
  16                   70.85
  17                   75.81
  18                   81.12
  19                   86.80
  20                   92.87
  21                   99.37
  22                  106.33
  23                  113.77
  24                  121.74
  25                  130.26
  26                  139.38
  27                  149.13
  28                  159.57
  29                  170.74
  30                  182.69
  31                  195.48
  32                  209.17
  33                  223.81
  34                  239.47
  35                  256.24
  36                  274.17
  37                  293.37
  38                  313.90
  39                  335.88
  40                  359.39
  41                  384.54
  42                  411.46
  43                  440.26
  44                  471.08
  45                  504.06
  46                  539.34
  47                  577.10
  48                  617.49
  49                  660.72
  50                  706.97
  51                  756.46
  52                  809.41
  53                  866.07
  54                  926.69
  55                  991.56
  56                 1060.97
  57                 1135.24
  58                 1214.70
  59                 1299.73
  60                 1390.71
  61                 1488.06
  62                 1592.23
  63                 1703.68
  64                 1822.94
  65                 1950.55
  66                 2087.09
  67                 2233.18
  68                 2389.51
  69                 2556.77
  70                 2735.75
  71                 2927.25
  72                 3132.15
  73                 3351.41
  74                 3586.00
  75                 3837.02
  76                 4105.62
  77                 4393.01
  78                 4700.52
  79                 5029.56
  80                 5381.63
  81                 5758.34
  82                 6161.42
  83                 6592.72
  84                 7054.21
  85                 7548.01
  86                 8076.37
  87                 8641.71
  88                 9246.63
  89                 9893.90
  90                10586.47
  91                11327.52
  92                12120.45
  93                12968.88
  94                13876.70
  95                14848.07
  96                15887.44
  97                16999.56
  98                18189.53
  99                19462.80
 100                20825.19
 101                22282.96
 102                23842.76
 103                25511.76
 104                27297.58
 105                29208.41
 106                31253.00
 107                33440.71
 108                35781.56
 109                38286.27
 110                40966.30
 111                43833.95
 112                46902.32
 113                50185.48
 114                53698.47
 115                57457.36
 116                61479.38
 117                65782.93
 118                70387.74
 119                75314.88
 120                80586.92
 121                86228.01
 122                92263.97
 123                98722.44
 124               105633.01
 125               113027.33
 126               120939.24
 127               129404.99
 128               138463.33
 129               148155.77
 130               158526.67
 131               169623.54
 132               181497.19
 133               194201.99
 134               207796.13
 135               222341.86
 136               237905.79
 137               254559.19
 138               272378.34
 139               291444.82
 140               311845.96
 141               333675.17
 142               357032.44
 143               382024.71
 144               408766.44
 145               437380.09
 146               467996.69
 147               500756.46
 148               535809.41
 149               573316.07
 150               613448.20
 151               656389.57
 152               702336.84
 153               751500.42
 154               804105.45
 155               860392.83
 156               920620.33
 157               985063.75
 158              1054018.21
 159              1127799.49
 160              1206745.45
 161              1291217.64
 162              1381602.87
 163              1478315.07
 164              1581797.13
 165              1692522.92
 166              1810999.53
 167              1937769.50
 168              2073413.36
 169              2218552.30
 170              2373850.96
 171              2540020.52
 172              2717821.96
 173              2908069.50
 174              3111634.36
 175              3329448.77
 176              3562510.18
 177              3811885.90
 178              4078717.91
 179              4364228.16
 180              4669724.13
 181              4996604.82
 182              5346367.16
 183              5720612.86
 184              6121055.76
 185              6549529.66
 186              7007996.74
 187              7498556.51
 188              8023455.47
 189              8585097.35
 190              9186054.17
 191              9829077.96
 192             10517113.41
 193             11253311.35
 194             12041043.15
 195             12883916.17
 196             13785790.30
 197             14750795.62
 198             15783351.31
 199             16888185.91
 200             18070358.92
 201             19335284.04
 202             20688753.93
 203             22136966.70
 204             23686554.37
 205             25344613.18
 206             27118736.10
 207             29017047.63
 208             31048240.96
 209             33221617.83
 210             35547131.08
 211             38035430.25
 212             40697910.37
 213             43546764.09
 214             46595037.58
 215             49856690.21
 216             53346658.53
 217             57080924.62
 218             61076589.35
 219             65351950.60
 220             69926587.14
 221             74821448.24
 222             80058949.62
 223             85663076.09
 224             91659491.42
 225             98075655.82
 226            104940951.73
 227            112286818.35
 228            120146895.63
 229            128557178.33
 230            137556180.81
 231            147185113.47
 232            157488071.41
 233            168512236.41
 234            180308092.96
 235            192929659.46
 236            206434735.62
 237            220885167.12
 238            236347128.82
 239            252891427.83
 240            270593827.78
 241            289535395.73
 242            309802873.43
 243            331489074.57
 244            354693309.79
 245            379521841.47
 246            406088370.38
 247            434514556.30
 248            464930575.24
 249            497475715.51
 250            532299015.60
 251            569559946.69
 252            609429142.96
 253            652089182.96
 254            697735425.77
 255            746576905.57
 256            798837288.97
 257            854755899.19
 258            914588812.14
 259            978610028.99
 260           1047112731.01
 261           1120410622.19
 262           1198839365.74
 263           1282758121.34
 264           1372551189.83
 265           1468629773.12
 266           1571433857.24
 267           1681434227.25
 268           1799134623.16
 269           1925074046.78
 270           2059829230.05
 271           2204017276.15
 272           2358298485.48
 273           2523379379.47
 274           2700015936.03
 275           2889017051.55
 276           3091248245.16
 277           3307635622.32
 278           3539170115.89
 279           3786912024.00
 280           4051995865.68
 281           4335635576.28
 282           4639130066.62
 283           4963869171.28
 284           5311340013.27
 285           5683133814.20
 286           6080953181.19
 287           6506619903.87
 288           6962083297.15
 289           7449429127.95
 290           7970889166.90
 291           8528851408.58
 292           9125871007.19
 293           9764681977.69
 294          10448209716.13
 295          11179584396.26
 296          11962155303.99
 297          12799506175.27
 298          13695471607.54
 299          14654154620.07
 300          15679945443.48
 301          16777541624.52
 302          17951969538.23
 303          19208607405.91
 304          20553209924.32
 305          21991934619.03
 306          23531370042.36
 307          25178565945.32
 308          26941065561.50
 309          28826940150.80
 310          30844825961.36
 311          33003963778.65
 312          35314241243.16
 313          37786238130.18
 314          40431274799.29
 315          43261464035.24
 316          46289766517.71
 317          49530050173.95
 318          52997153686.13
 319          56706954444.16
 320          60676441255.25
 321          64923792143.11
 322          69468457593.13
 323          74331249624.65
 324          79534437098.38
 325          85101847695.26
 326          91058977033.93
 327          97433105426.31
 328         104253422806.15
 329         111551162402.58
 330         119359743770.76
 331         127714925834.71
 332         136654970643.14
 333         146220818588.16
 334         156456275889.33
 335         167408215201.59
 336         179126790265.70
 337         191665665584.30
 338         205082262175.20
 339         219438020527.46
 340         234798681964.38
 341         251234589701.89
 342         268821010981.02
 343         287638481749.69
 344         307773175472.17
 345         329317297755.22
 346         352369508598.09
 347         377035374199.96
 348         403427850393.95
 349         431667799921.53
 350         461884545916.04
 351         494216464130.16
 352         528811616619.27
 353         565828429782.62
 354         605436419867.40
 355         647816969258.12
 356         693164157106.19
 357         741685648103.62
 358         793603643470.88
 359         849155898513.84
 360         908596811409.81
 361         972198588208.49
 362        1040252489383.09
 363        1113070163639.90
 364        1190985075094.70
 365        1274354030351.32
 366        1363558812475.92
 367        1459007929349.23
 368        1561138484403.68
 369        1670418178311.94
 370        1787347450793.77
 371        1912461772349.34
 372        2046334096413.79
 373        2189577483162.75
 374        2342847906984.15
 375        2506847260473.04
 376        2682326568706.15
 377        2870089428515.58
 378        3070995688511.67
 379        3285965386707.49
 380        3515982963777.01
 381        3762101771241.40
 382        4025448895228.30
 383        4307230317894.29
 384        4608736440146.88
 385        4931347990957.17
 386        5276542350324.17
 387        5645900314846.86
 388        6041113336886.14
 389        6463991270468.17
 390        6916470659400.95

Initial principal: 24.00
    Interest rate: 0.08

Year       Amount on deposit
   1                   25.92
   2                   27.99
   3                   30.23
   4                   32.65
   5                   35.26
   6                   38.08
   7                   41.13
   8                   44.42
   9                   47.98
  10                   51.81
  11                   55.96
  12                   60.44
  13                   65.27
  14                   70.49
  15                   76.13
  16                   82.22
  17                   88.80
  18                   95.90
  19                  103.58
  20                  111.86
  21                  120.81
  22                  130.48
  23                  140.92
  24                  152.19
  25                  164.36
  26                  177.51
  27                  191.71
  28                  207.05
  29                  223.61
  30                  241.50
  31                  260.82
  32                  281.69
  33                  304.23
  34                  328.56
  35                  354.85
  36                  383.24
  37                  413.90
  38                  447.01
  39                  482.77
  40                  521.39
  41                  563.10
  42                  608.15
  43                  656.80
  44                  709.34
  45                  766.09
  46                  827.38
  47                  893.57
  48                  965.05
  49                 1042.26
  50                 1125.64
  51                 1215.69
  52                 1312.94
  53                 1417.98
  54                 1531.42
  55                 1653.93
  56                 1786.25
  57                 1929.15
  58                 2083.48
  59                 2250.16
  60                 2430.17
  61                 2624.58
  62                 2834.55
  63                 3061.31
  64                 3306.22
  65                 3570.72
  66                 3856.37
  67                 4164.88
  68                 4498.07
  69                 4857.92
  70                 5246.55
  71                 5666.28
  72                 6119.58
  73                 6609.15
  74                 7137.88
  75                 7708.91
  76                 8325.62
  77                 8991.67
  78                 9711.00
  79                10487.89
  80                11326.92
  81                12233.07
  82                13211.71
  83                14268.65
  84                15410.14
  85                16642.96
  86                17974.39
  87                19412.34
  88                20965.33
  89                22642.56
  90                24453.96
  91                26410.28
  92                28523.10
  93                30804.95
  94                33269.35
  95                35930.89
  96                38805.36
  97                41909.79
  98                45262.58
  99                48883.58
 100                52794.27
 101                57017.81
 102                61579.24
 103                66505.58
 104                71826.02
 105                77572.10
 106                83777.87
 107                90480.10
 108                97718.51
 109               105535.99
 110               113978.87
 111               123097.18
 112               132944.95
 113               143580.55
 114               155066.99
 115               167472.35
 116               180870.14
 117               195339.75
 118               210966.93
 119               227844.29
 120               246071.83
 121               265757.58
 122               287018.18
 123               309979.64
 124               334778.01
 125               361560.25
 126               390485.07
 127               421723.88
 128               455461.79
 129               491898.73
 130               531250.63
 131               573750.68
 132               619650.73
 133               669222.79
 134               722760.61
 135               780581.46
 136               843027.98
 137               910470.22
 138               983307.83
 139              1061972.46
 140              1146930.26
 141              1238684.68
 142              1337779.45
 143              1444801.81
 144              1560385.95
 145              1685216.83
 146              1820034.17
 147              1965636.91
 148              2122887.86
 149              2292718.89
 150              2476136.40
 151              2674227.31
 152              2888165.50
 153              3119218.74
 154              3368756.24
 155              3638256.74
 156              3929317.28
 157              4243662.66
 158              4583155.67
 159              4949808.12
 160              5345792.77
 161              5773456.20
 162              6235332.69
 163              6734159.31
 164              7272892.05
 165              7854723.42
 166              8483101.29
 167              9161749.39
 168              9894689.34
 169             10686264.49
 170             11541165.65
 171             12464458.90
 172             13461615.61
 173             14538544.86
 174             15701628.45
 175             16957758.73
 176             18314379.43
 177             19779529.78
 178             21361892.16
 179             23070843.54
 180             24916511.02
 181             26909831.90
 182             29062618.45
 183             31387627.93
 184             33898638.16
 185             36610529.22
 186             39539371.55
 187             42702521.28
 188             46118722.98
 189             49808220.82
 190             53792878.49
 191             58096308.76
 192             62744013.47
 193             67763534.54
 194             73184617.31
 195             79039386.69
 196             85362537.63
 197             92191540.64
 198             99566863.89
 199            107532213.00
 200            116134790.04
 201            125425573.24
 202            135459619.10
 203            146296388.63
 204            158000099.72
 205            170640107.70
 206            184291316.31
 207            199034621.62
 208            214957391.35
 209            232153982.65
 210            250726301.27
 211            270784405.37
 212            292447157.80
 213            315842930.42
 214            341110364.85
 215            368399194.04
 216            397871129.56
 217            429700819.93
 218            464076885.52
 219            501203036.37
 220            541299279.28
 221            584603221.62
 222            631371479.35
 223            681881197.69
 224            736431693.51
 225            795346228.99
 226            858973927.31
 227            927691841.49
 228           1001907188.81
 229           1082059763.92
 230           1168624545.03
 231           1262114508.64
 232           1363083669.33
 233           1472130362.87
 234           1589900791.90
 235           1717092855.25
 236           1854460283.68
 237           2002817106.37
 238           2163042474.88
 239           2336085872.87
 240           2522972742.70
 241           2724810562.11
 242           2942795407.08
 243           3178219039.65
 244           3432476562.82
 245           3707074687.85
 246           4003640662.88
 247           4323931915.91
 248           4669846469.18
 249           5043434186.71
 250           5446908921.65
 251           5882661635.38
 252           6353274566.21
 253           6861536531.51
 254           7410459454.03
 255           8003296210.35
 256           8643559907.18
 257           9335044699.75
 258          10081848275.73
 259          10888396137.79
 260          11759467828.82
 261          12700225255.12
 262          13716243275.53
 263          14813542737.57
 264          15998626156.58
 265          17278516249.11
 266          18660797549.04
 267          20153661352.96
 268          21765954261.19
 269          23507230602.09
 270          25387809050.26
 271          27418833774.28
 272          29612340476.22
 273          31981327714.32
 274          34539833931.46
 275          37303020645.98
 276          40287262297.66
 277          43510243281.47
 278          46991062743.99
 279          50750347763.51
 280          54810375584.59
 281          59195205631.36
 282          63930822081.87
 283          69045287848.41
 284          74568910876.29
 285          80534423746.39
 286          86977177646.10
 287          93935351857.79
 288         101450180006.41
 289         109566194406.93
 290         118331489959.48
 291         127798009156.24
 292         138021849888.74
 293         149063597879.84
 294         160988685710.22
 295         173867780567.04
 296         187777203012.41
 297         202799379253.40
 298         219023329593.67
 299         236545195961.16
 300         255468811638.06
 301         275906316569.10
 302         297978821894.63
 303         321817127646.20
 304         347562497857.90
 305         375367497686.53
 306         405396897501.45
 307         437828649301.57
 308         472854941245.69
 309         510683336545.35
 310         551538003468.98
 311         595661043746.49
 312         643313927246.21
 313         694779041425.91
 314         750361364739.98
 315         810390273919.18
 316         875221495832.72
 317         945239215499.33
 318        1020858352739.28
 319        1102527020958.42
 320        1190729182635.10
 321        1285987517245.90
 322        1388866518625.58
 323        1499975840115.62
 324        1619973907324.87
 325        1749571819910.86
 326        1889537565503.73
 327        2040700570744.03
 328        2203956616403.55
 329        2380273145715.84
 330        2570694997373.11
 331        2776350597162.95
 332        2998458644935.99
 333        3238335336530.87
 334        3497402163453.34
 335        3777194336529.61
 336        4079369883451.98
 337        4405719474128.14
 338        4758177032058.39
 339        5138831194623.06
 340        5549937690192.90
 341        5993932705408.34
 342        6473447321841.00
 343        6991323107588.28
 344        7550628956195.35
 345        8154679272690.98
 346        8807053614506.25
 347        9511617903666.75
 348       10272547335960.10
 349       11094351122836.90
 350       11981899212663.86
 351       12940451149676.97
 352       13975687241651.12
 353       15093742220983.21
 354       16301241598661.88
 355       17605340926554.83
 356       19013768200679.21
 357       20534869656733.55
 358       22177659229272.24
 359       23951871967614.02
 360       25868021725023.14
 361       27937463463024.99
 362       30172460540066.99
 363       32586257383272.36
 364       35193157973934.15
 365       38008610611848.88
 366       41049299460796.80
 367       44333243417660.55
 368       47879902891073.38
 369       51710295122359.26
 370       55847118732148.01
 371       60314888230719.86
 372       65140079289177.45
 373       70351285632311.65
 374       75979388482896.58
 375       82057739561528.31
 376       88622358726450.59
 377       95712147424566.62
 378      103369119218531.97
 379      111638648756014.55
 380      120569740656495.70
 381      130215319909015.38
 382      140632545501736.62
 383      151883149141875.56
 384      164033801073225.62
 385      177156505159083.69
 386      191329025571810.38
 387      206635347617555.22
 388      223166175426959.69
 389      241019469461116.44
 390      260301027018005.75

Initial principal: 24.00
    Interest rate: 0.09

Year       Amount on deposit
   1                   26.16
   2                   28.51
   3                   31.08
   4                   33.88
   5                   36.93
   6                   40.25
   7                   43.87
   8                   47.82
   9                   52.13
  10                   56.82
  11                   61.93
  12                   67.50
  13                   73.58
  14                   80.20
  15                   87.42
  16                   95.29
  17                  103.86
  18                  113.21
  19                  123.40
  20                  134.51
  21                  146.61
  22                  159.81
  23                  174.19
  24                  189.87
  25                  206.95
  26                  225.58
  27                  245.88
  28                  268.01
  29                  292.13
  30                  318.42
  31                  347.08
  32                  378.32
  33                  412.37
  34                  449.48
  35                  489.94
  36                  534.03
  37                  582.09
  38                  634.48
  39                  691.58
  40                  753.83
  41                  821.67
  42                  895.62
  43                  976.23
  44                 1064.09
  45                 1159.85
  46                 1264.24
  47                 1378.02
  48                 1502.05
  49                 1637.23
  50                 1784.58
  51                 1945.19
  52                 2120.26
  53                 2311.08
  54                 2519.08
  55                 2745.80
  56                 2992.92
  57                 3262.28
  58                 3555.89
  59                 3875.92
  60                 4224.75
  61                 4604.98
  62                 5019.43
  63                 5471.18
  64                 5963.58
  65                 6500.30
  66                 7085.33
  67                 7723.01
  68                 8418.08
  69                 9175.71
  70                10001.52
  71                10901.66
  72                11882.81
  73                12952.26
  74                14117.96
  75                15388.58
  76                16773.55
  77                18283.17
  78                19928.66
  79                21722.24
  80                23677.24
  81                25808.19
  82                28130.93
  83                30662.71
  84                33422.36
  85                36430.37
  86                39709.10
  87                43282.92
  88                47178.38
  89                51424.44
  90                56052.64
  91                61097.38
  92                66596.14
  93                72589.79
  94                79122.87
  95                86243.93
  96                94005.89
  97               102466.42
  98               111688.39
  99               121740.35
 100               132696.98
 101               144639.71
 102               157657.28
 103               171846.44
 104               187312.62
 105               204170.75
 106               222546.12
 107               242575.27
 108               264407.04
 109               288203.68
 110               314142.01
 111               342414.79
 112               373232.12
 113               406823.01
 114               443437.08
 115               483346.42
 116               526847.60
 117               574263.88
 118               625947.63
 119               682282.92
 120               743688.38
 121               810620.33
 122               883576.16
 123               963098.02
 124              1049776.84
 125              1144256.75
 126              1247239.86
 127              1359491.45
 128              1481845.68
 129              1615211.79
 130              1760580.85
 131              1919033.13
 132              2091746.11
 133              2280003.26
 134              2485203.55
 135              2708871.87
 136              2952670.34
 137              3218410.67
 138              3508067.63
 139              3823793.72
 140              4167935.15
 141              4543049.32
 142              4951923.76
 143              5397596.89
 144              5883380.61
 145              6412884.87
 146              6990044.51
 147              7619148.51
 148              8304871.88
 149              9052310.35
 150              9867018.28
 151             10755049.93
 152             11723004.42
 153             12778074.82
 154             13928101.55
 155             15181630.69
 156             16547977.45
 157             18037295.42
 158             19660652.01
 159             21430110.69
 160             23358820.65
 161             25461114.51
 162             27752614.82
 163             30250350.15
 164             32972881.67
 165             35940441.02
 166             39175080.71
 167             42700837.97
 168             46543913.39
 169             50732865.59
 170             55298823.50
 171             60275717.61
 172             65700532.20
 173             71613580.09
 174             78058802.30
 175             85084094.51
 176             92741663.01
 177            101088412.69
 178            110186369.83
 179            120103143.11
 180            130912425.99
 181            142694544.33
 182            155537053.32
 183            169535388.12
 184            184793573.05
 185            201424994.62
 186            219553244.14
 187            239313036.11
 188            260851209.36
 189            284327818.21
 190            309917321.85
 191            337809880.81
 192            368212770.08
 193            401351919.39
 194            437473592.14
 195            476846215.43
 196            519762374.82
 197            566540988.55
 198            617529677.52
 199            673107348.50
 200            733687009.86
 201            799718840.75
 202            871693536.42
 203            950145954.70
 204           1035659090.62
 205           1128868408.78
 206           1230466565.57
 207           1341208556.47
 208           1461917326.55
 209           1593489885.94
 210           1736903975.67
 211           1893225333.48
 212           2063615613.50
 213           2249341018.71
 214           2451781710.40
 215           2672442064.33
 216           2912961850.12
 217           3175128416.63
 218           3460889974.13
 219           3772370071.80
 220           4111883378.26
 221           4481952882.31
 222           4885328641.71
 223           5325008219.47
 224           5804258959.22
 225           6326642265.55
 226           6896040069.45
 227           7516683675.70
 228           8193185206.51
 229           8930571875.10
 230           9734323343.86
 231          10610412444.80
 232          11565349564.84
 233          12606231025.67
 234          13740791817.98
 235          14977463081.60
 236          16325434758.94
 237          17794723887.25
 238          19396249037.10
 239          21141911450.44
 240          23044683480.98
 241          25118704994.27
 242          27379388443.75
 243          29843533403.69
 244          32529451410.02
 245          35457102036.92
 246          38648241220.25
 247          42126582930.07
 248          45917975393.78
 249          50050593179.22
 250          54555146565.35
 251          59465109756.23
 252          64816969634.29
 253          70650496901.37
 254          77009041622.50
 255          83939855368.52
 256          91494442351.69
 257          99728942163.34
 258         108704546958.04
 259         118487956184.26
 260         129151872240.85
 261         140775540742.52
 262         153445339409.35
 263         167255419956.19
 264         182308407752.25
 265         198716164449.95
 266         216600619250.45
 267         236094674982.99
 268         257343195731.46
 269         280504083347.29
 270         305749450848.54
 271         333266901424.91
 272         363260922553.16
 273         395954405582.94
 274         431590302085.40
 275         470433429273.09
 276         512772437907.67
 277         558921957319.36
 278         609224933478.10
 279         664055177491.13
 280         723820143465.33
 281         788963956377.21
 282         859970712451.16
 283         937368076571.77
 284        1021731203463.23
 285        1113687011774.92
 286        1213918842834.66
 287        1323171538689.78
 288        1442256977171.86
 289        1572060105117.33
 290        1713545514577.89
 291        1867764610889.90
 292        2035863425869.99
 293        2219091134198.29
 294        2418809336276.13
 295        2636502176540.98
 296        2873787372429.67
 297        3132428235948.34
 298        3414346777183.69
 299        3721637987130.23
 300        4056585405971.95
 301        4421678092509.42
 302        4819629120835.27
 303        5253395741710.45
 304        5726201358464.39
 305        6241559480726.18
 306        6803299833991.54
 307        7415596819050.78
 308        8083000532765.35
 309        8810470580714.23
 310        9603412932978.51
 311       10467720096946.58
 312       11409814905671.77
 313       12436698247182.23
 314       13556001089428.63
 315       14776041187477.21
 316       16105884894350.16
 317       17555414534841.68
 318       19135401842977.43
 319       20857588008845.40
 320       22734770929641.48
 321       24780900313309.22
 322       27011181341507.05
 323       29442187662242.69
 324       32091984551844.54
 325       34980263161510.55
 326       38128486846046.50
 327       41560050662190.69
 328       45300455221787.85
 329       49377496191748.77
 330       53821470849006.16
 331       58665403225416.72
 332       63945289515704.23
 333       69700365572117.61
 334       75973398473608.19
 335       82811004336232.94
 336       90263994726493.91
 337       98387754251878.38
 338      107242652134547.44
 339      116894490826656.70
 340      127414995001055.84
 341      138882344551150.84
 342      151381755560754.44
 343      165006113561222.38
 344      179856663781732.38
 345      196043763522088.31
 346      213687702239076.28
 347      232919595440593.19
 348      253882359030246.56
 349      276731771342968.78
 350      301637630763836.00
 351      328785017532581.25
 352      358375669110513.62
 353      390629479330459.81
 354      425786132470201.25
 355      464106884392519.38
 356      505876503987846.19
 357      551405389346752.38
 358      601031874387960.25
 359      655124743082876.62
 360      714085969960335.50
 361      778353707256765.88
 362      848405540909874.75
 363      924762039591763.75
 364     1007990623155022.25
 365     1098709779238974.50
 366     1197593659370482.25
 367     1305377088713825.75
 368     1422861026698070.25
 369     1550918519100896.50
 370     1690501185819977.50
 371     1842646292543775.75
 372     2008484458872715.50
 373     2189248060171260.00
 374     2386280385586673.50
 375     2601045620289474.50
 376     2835139726115527.50
 377     3090302301465925.00
 378     3368429508597859.00
 379     3671588164371666.00
 380     4002031099165117.00
 381     4362213898089977.00
 382     4754813148918076.00
 383     5182746332320702.00
 384     5649193502229566.00
 385     6157620917430228.00
 386     6711806799998949.00
 387     7315869411998854.00
 388     7974297659078752.00
 389     8691984448395840.00
 390     9474263048751466.00

Initial principal: 24.00
    Interest rate: 0.10

Year       Amount on deposit
   1                   26.40
   2                   29.04
   3                   31.94
   4                   35.14
   5                   38.65
   6                   42.52
   7                   46.77
   8                   51.45
   9                   56.59
  10                   62.25
  11                   68.47
  12                   75.32
  13                   82.85
  14                   91.14
  15                  100.25
  16                  110.28
  17                  121.31
  18                  133.44
  19                  146.78
  20                  161.46
  21                  177.61
  22                  195.37
  23                  214.90
  24                  236.39
  25                  260.03
  26                  286.04
  27                  314.64
  28                  346.10
  29                  380.71
  30                  418.79
  31                  460.66
  32                  506.73
  33                  557.40
  34                  613.14
  35                  674.46
  36                  741.90
  37                  816.09
  38                  897.70
  39                  987.47
  40                 1086.22
  41                 1194.84
  42                 1314.33
  43                 1445.76
  44                 1590.34
  45                 1749.37
  46                 1924.31
  47                 2116.74
  48                 2328.41
  49                 2561.25
  50                 2817.38
  51                 3099.12
  52                 3409.03
  53                 3749.93
  54                 4124.93
  55                 4537.42
  56                 4991.16
  57                 5490.28
  58                 6039.31
  59                 6643.24
  60                 7307.56
  61                 8038.32
  62                 8842.15
  63                 9726.36
  64                10699.00
  65                11768.90
  66                12945.79
  67                14240.37
  68                15664.40
  69                17230.84
  70                18953.93
  71                20849.32
  72                22934.25
  73                25227.68
  74                27750.44
  75                30525.49
  76                33578.04
  77                36935.84
  78                40629.43
  79                44692.37
  80                49161.61
  81                54077.77
  82                59485.54
  83                65434.10
  84                71977.51
  85                79175.26
  86                87092.78
  87                95802.06
  88               105382.27
  89               115920.49
  90               127512.54
  91               140263.80
  92               154290.18
  93               169719.19
  94               186691.11
  95               205360.23
  96               225896.25
  97               248485.87
  98               273334.46
  99               300667.91
 100               330734.70
 101               363808.17
 102               400188.98
 103               440207.88
 104               484228.67
 105               532651.54
 106               585916.69
 107               644508.36
 108               708959.19
 109               779855.11
 110               857840.62
 111               943624.69
 112              1037987.16
 113              1141785.87
 114              1255964.46
 115              1381560.90
 116              1519716.99
 117              1671688.69
 118              1838857.56
 119              2022743.32
 120              2225017.65
 121              2447519.42
 122              2692271.36
 123              2961498.49
 124              3257648.34
 125              3583413.18
 126              3941754.50
 127              4335929.95
 128              4769522.94
 129              5246475.23
 130              5771122.76
 131              6348235.03
 132              6983058.54
 133              7681364.39
 134              8449500.83
 135              9294450.91
 136             10223896.00
 137             11246285.60
 138             12370914.16
 139             13608005.58
 140             14968806.14
 141             16465686.75
 142             18112255.43
 143             19923480.97
 144             21915829.07
 145             24107411.97
 146             26518153.17
 147             29169968.49
 148             32086965.34
 149             35295661.87
 150             38825228.06
 151             42707750.86
 152             46978525.95
 153             51676378.55
 154             56844016.40
 155             62528418.04
 156             68781259.84
 157             75659385.83
 158             83225324.41
 159             91547856.85
 160            100702642.54
 161            110772906.79
 162            121850197.47
 163            134035217.22
 164            147438738.94
 165            162182612.84
 166            178400874.12
 167            196240961.53
 168            215865057.68
 169            237451563.45
 170            261196719.80
 171            287316391.78
 172            316048030.95
 173            347652834.05
 174            382418117.45
 175            420659929.20
 176            462725922.12
 177            508998514.33
 178            559898365.77
 179            615888202.34
 180            677477022.58
 181            745224724.83
 182            819747197.32
 183            901721917.05
 184            991894108.75
 185           1091083519.63
 186           1200191871.59
 187           1320211058.75
 188           1452232164.63
 189           1597455381.09
 190           1757200919.20
 191           1932921011.12
 192           2126213112.23
 193           2338834423.45
 194           2572717865.80
 195           2829989652.38
 196           3112988617.62
 197           3424287479.38
 198           3766716227.32
 199           4143387850.05
 200           4557726635.05
 201           5013499298.56
 202           5514849228.41
 203           6066334151.25
 204           6672967566.38
 205           7340264323.02
 206           8074290755.32
 207           8881719830.85
 208           9769891813.93
 209          10746880995.33
 210          11821569094.86
 211          13003726004.35
 212          14304098604.78
 213          15734508465.26
 214          17307959311.79
 215          19038755242.96
 216          20942630767.26
 217          23036893843.99
 218          25340583228.39
 219          27874641551.22
 220          30662105706.35
 221          33728316276.98
 222          37101147904.68
 223          40811262695.15
 224          44892388964.66
 225          49381627861.13
 226          54319790647.24
 227          59751769711.97
 228          65726946683.16
 229          72299641351.48
 230          79529605486.63
 231          87482566035.29
 232          96230822638.82
 233         105853904902.70
 234         116439295392.97
 235         128083224932.27
 236         140891547425.49
 237         154980702168.04
 238         170478772384.85
 239         187526649623.33
 240         206279314585.66
 241         226907246044.23
 242         249597970648.65
 243         274557767713.52
 244         302013544484.87
 245         332214898933.36
 246         365436388826.69
 247         401980027709.36
 248         442178030480.30
 249         486395833528.33
 250         535035416881.16
 251         588538958569.28
 252         647392854426.21
 253         712132139868.83
 254         783345353855.71
 255         861679889241.28
 256         947847878165.41
 257        1042632665981.95
 258        1146895932580.14
 259        1261585525838.16
 260        1387744078421.97
 261        1526518486264.17
 262        1679170334890.59
 263        1847087368379.65
 264        2031796105217.61
 265        2234975715739.37
 266        2458473287313.31
 267        2704320616044.64
 268        2974752677649.11
 269        3272227945414.02
 270        3599450739955.42
 271        3959395813950.96
 272        4355335395346.06
 273        4790868934880.67
 274        5269955828368.73
 275        5796951411205.61
 276        6376646552326.17
 277        7014311207558.79
 278        7715742328314.66
 279        8487316561146.13
 280        9336048217260.74
 281       10269653038986.82
 282       11296618342885.50
 283       12426280177174.05
 284       13668908194891.46
 285       15035799014380.61
 286       16539378915818.67
 287       18193316807400.54
 288       20012648488140.59
 289       22013913336954.66
 290       24215304670650.12
 291       26636835137715.13
 292       29300518651486.65
 293       32230570516635.32
 294       35453627568298.86
 295       38998990325128.75
 296       42898889357641.62
 297       47188778293405.79
 298       51907656122746.38
 299       57098421735021.02
 300       62808263908523.12
 301       69089090299375.44
 302       75997999329312.98
 303       83597799262244.30
 304       91957579188468.72
 305      101153337107315.61
 306      111268670818047.19
 307      122395537899851.91
 308      134635091689837.09
 309      148098600858820.81
 310      162908460944702.94
 311      179199307039173.25
 312      197119237743090.59
 313      216831161517399.66
 314      238514277669139.62
 315      262365705436053.62
 316      288602275979659.00
 317      317462503577624.94
 318      349208753935387.44
 319      384129629328926.25
 320      422542592261818.88
 321      464796851488000.75
 322      511276536636800.88
 323      562404190300481.06
 324      618644609330529.25
 325      680509070263582.25
 326      748559977289940.50
 327      823415975018934.50
 328      905757572520828.25
 329      996333329772911.00
 330     1095966662750202.25
 331     1205563329025222.50
 332     1326119661927745.00
 333     1458731628120519.50
 334     1604604790932571.50
 335     1765065270025829.00
 336     1941571797028412.00
 337     2135728976731253.25
 338     2349301874404379.00
 339     2584232061844817.00
 340     2842655268029299.00
 341     3126920794832229.00
 342     3439612874315452.50
 343     3783574161746998.00
 344     4161931577921698.00
 345     4578124735713868.00
 346     5035937209285255.00
 347     5539530930213781.00
 348     6093484023235160.00
 349     6702832425558676.00
 350     7373115668114544.00
 351     8110427234925999.00
 352     8921469958418600.00
 353     9813616954260460.00
 354    10794978649686508.00
 355    11874476514655160.00
 356    13061924166120676.00
 357    14368116582732748.00
 358    15804928241006022.00
 359    17385421065106626.00
 360    19123963171617288.00
 361    21036359488779020.00
 362    23139995437656924.00
 363    25453994981422616.00
 364    27999394479564880.00
 365    30799333927521372.00
 366    33879267320273512.00
 367    37267194052300864.00
 368    40993913457530960.00
 369    45093304803284056.00
 370    49602635283612464.00
 371    54562898811973712.00
 372    60019188693171096.00
 373    66021107562488208.00
 374    72623218318737040.00
 375    79885540150610752.00
 376    87874094165671824.00
 377    96661503582239008.00
 378   106327653940462928.00
 379   116960419334509216.00
 380   128656461267960160.00
 381   141522107394756192.00
 382   155674318134231808.00
 383   171241749947655040.00
 384   188365924942420544.00
 385   207202517436662592.00
 386   227922769180328896.00
 387   250715046098361792.00
 388   275786550708198016.00
 389   303365205779017856.00
 390   333701726356919616.00
