1: 
2: 1 
3: 1 
4: 1 2 
5: 1 
6: 1 2 3 
6 is perfect
7: 1 
8: 1 2 4 
9: 1 3 
10: 1 2 5 
11: 1 
12: 1 2 3 4 6 
13: 1 
14: 1 2 7 
15: 1 3 5 
16: 1 2 4 8 
17: 1 
18: 1 2 3 6 9 
19: 1 
20: 1 2 4 5 10 
21: 1 3 7 
22: 1 2 11 
23: 1 
24: 1 2 3 4 6 8 12 
25: 1 5 
26: 1 2 13 
27: 1 3 9 
28: 1 2 4 7 14 
28 is perfect
29: 1 
30: 1 2 3 5 6 10 15 
31: 1 
32: 1 2 4 8 16 
33: 1 3 11 
34: 1 2 17 
35: 1 5 7 
36: 1 2 3 4 6 9 12 18 
37: 1 
38: 1 2 19 
39: 1 3 13 
40: 1 2 4 5 8 10 20 
41: 1 
42: 1 2 3 6 7 14 21 
43: 1 
44: 1 2 4 11 22 
45: 1 3 5 9 15 
46: 1 2 23 
47: 1 
48: 1 2 3 4 6 8 12 16 24 
49: 1 7 
50: 1 2 5 10 25 
51: 1 3 17 
52: 1 2 4 13 26 
53: 1 
54: 1 2 3 6 9 18 27 
55: 1 5 11 
56: 1 2 4 7 8 14 28 
57: 1 3 19 
58: 1 2 29 
59: 1 
60: 1 2 3 4 5 6 10 12 15 20 30 
61: 1 
62: 1 2 31 
63: 1 3 7 9 21 
64: 1 2 4 8 16 32 
65: 1 5 13 
66: 1 2 3 6 11 22 33 
67: 1 
68: 1 2 4 17 34 
69: 1 3 23 
70: 1 2 5 7 10 14 35 
71: 1 
72: 1 2 3 4 6 8 9 12 18 24 36 
73: 1 
74: 1 2 37 
75: 1 3 5 15 25 
76: 1 2 4 19 38 
77: 1 7 11 
78: 1 2 3 6 13 26 39 
79: 1 
80: 1 2 4 5 8 10 16 20 40 
81: 1 3 9 27 
82: 1 2 41 
83: 1 
84: 1 2 3 4 6 7 12 14 21 28 42 
85: 1 5 17 
86: 1 2 43 
87: 1 3 29 
88: 1 2 4 8 11 22 44 
89: 1 
90: 1 2 3 5 6 9 10 15 18 30 45 
91: 1 7 13 
92: 1 2 4 23 46 
93: 1 3 31 
94: 1 2 47 
95: 1 5 19 
96: 1 2 3 4 6 8 12 16 24 32 48 
97: 1 
98: 1 2 7 14 49 
99: 1 3 9 11 33 
100: 1 2 4 5 10 20 25 50 
101: 1 
102: 1 2 3 6 17 34 51 
103: 1 
104: 1 2 4 8 13 26 52 
105: 1 3 5 7 15 21 35 
106: 1 2 53 
107: 1 
108: 1 2 3 4 6 9 12 18 27 36 54 
109: 1 
110: 1 2 5 10 11 22 55 
111: 1 3 37 
112: 1 2 4 7 8 14 16 28 56 
113: 1 
114: 1 2 3 6 19 38 57 
115: 1 5 23 
116: 1 2 4 29 58 
117: 1 3 9 13 39 
118: 1 2 59 
119: 1 7 17 
120: 1 2 3 4 5 6 8 10 12 15 20 24 30 40 60 
121: 1 11 
122: 1 2 61 
123: 1 3 41 
124: 1 2 4 31 62 
125: 1 5 25 
126: 1 2 3 6 7 9 14 18 21 42 63 
127: 1 
128: 1 2 4 8 16 32 64 
129: 1 3 43 
130: 1 2 5 10 13 26 65 
131: 1 
132: 1 2 3 4 6 11 12 22 33 44 66 
133: 1 7 19 
134: 1 2 67 
135: 1 3 5 9 15 27 45 
136: 1 2 4 8 17 34 68 
137: 1 
138: 1 2 3 6 23 46 69 
139: 1 
140: 1 2 4 5 7 10 14 20 28 35 70 
141: 1 3 47 
142: 1 2 71 
143: 1 11 13 
144: 1 2 3 4 6 8 9 12 16 18 24 36 48 72 
145: 1 5 29 
146: 1 2 73 
147: 1 3 7 21 49 
148: 1 2 4 37 74 
149: 1 
150: 1 2 3 5 6 10 15 25 30 50 75 
151: 1 
152: 1 2 4 8 19 38 76 
153: 1 3 9 17 51 
154: 1 2 7 11 14 22 77 
155: 1 5 31 
156: 1 2 3 4 6 12 13 26 39 52 78 
157: 1 
158: 1 2 79 
159: 1 3 53 
160: 1 2 4 5 8 10 16 20 32 40 80 
161: 1 7 23 
162: 1 2 3 6 9 18 27 54 81 
163: 1 
164: 1 2 4 41 82 
165: 1 3 5 11 15 33 55 
166: 1 2 83 
167: 1 
168: 1 2 3 4 6 7 8 12 14 21 24 28 42 56 84 
169: 1 13 
170: 1 2 5 10 17 34 85 
171: 1 3 9 19 57 
172: 1 2 4 43 86 
173: 1 
174: 1 2 3 6 29 58 87 
175: 1 5 7 25 35 
176: 1 2 4 8 11 16 22 44 88 
177: 1 3 59 
178: 1 2 89 
179: 1 
180: 1 2 3 4 5 6 9 10 12 15 18 20 30 36 45 60 90 
181: 1 
182: 1 2 7 13 14 26 91 
183: 1 3 61 
184: 1 2 4 8 23 46 92 
185: 1 5 37 
186: 1 2 3 6 31 62 93 
187: 1 11 17 
188: 1 2 4 47 94 
189: 1 3 7 9 21 27 63 
190: 1 2 5 10 19 38 95 
191: 1 
192: 1 2 3 4 6 8 12 16 24 32 48 64 96 
193: 1 
194: 1 2 97 
195: 1 3 5 13 15 39 65 
196: 1 2 4 7 14 28 49 98 
197: 1 
198: 1 2 3 6 9 11 18 22 33 66 99 
199: 1 
200: 1 2 4 5 8 10 20 25 40 50 100 
201: 1 3 67 
202: 1 2 101 
203: 1 7 29 
204: 1 2 3 4 6 12 17 34 51 68 102 
205: 1 5 41 
206: 1 2 103 
207: 1 3 9 23 69 
208: 1 2 4 8 13 16 26 52 104 
209: 1 11 19 
210: 1 2 3 5 6 7 10 14 15 21 30 35 42 70 105 
211: 1 
212: 1 2 4 53 106 
213: 1 3 71 
214: 1 2 107 
215: 1 5 43 
216: 1 2 3 4 6 8 9 12 18 24 27 36 54 72 108 
217: 1 7 31 
218: 1 2 109 
219: 1 3 73 
220: 1 2 4 5 10 11 20 22 44 55 110 
221: 1 13 17 
222: 1 2 3 6 37 74 111 
223: 1 
224: 1 2 4 7 8 14 16 28 32 56 112 
225: 1 3 5 9 15 25 45 75 
226: 1 2 113 
227: 1 
228: 1 2 3 4 6 12 19 38 57 76 114 
229: 1 
230: 1 2 5 10 23 46 115 
231: 1 3 7 11 21 33 77 
232: 1 2 4 8 29 58 116 
233: 1 
234: 1 2 3 6 9 13 18 26 39 78 117 
235: 1 5 47 
236: 1 2 4 59 118 
237: 1 3 79 
238: 1 2 7 14 17 34 119 
239: 1 
240: 1 2 3 4 5 6 8 10 12 15 16 20 24 30 40 48 60 80 120 
241: 1 
242: 1 2 11 22 121 
243: 1 3 9 27 81 
244: 1 2 4 61 122 
245: 1 5 7 35 49 
246: 1 2 3 6 41 82 123 
247: 1 13 19 
248: 1 2 4 8 31 62 124 
249: 1 3 83 
250: 1 2 5 10 25 50 125 
251: 1 
252: 1 2 3 4 6 7 9 12 14 18 21 28 36 42 63 84 126 
253: 1 11 23 
254: 1 2 127 
255: 1 3 5 15 17 51 85 
256: 1 2 4 8 16 32 64 128 
257: 1 
258: 1 2 3 6 43 86 129 
259: 1 7 37 
260: 1 2 4 5 10 13 20 26 52 65 130 
261: 1 3 9 29 87 
262: 1 2 131 
263: 1 
264: 1 2 3 4 6 8 11 12 22 24 33 44 66 88 132 
265: 1 5 53 
266: 1 2 7 14 19 38 133 
267: 1 3 89 
268: 1 2 4 67 134 
269: 1 
270: 1 2 3 5 6 9 10 15 18 27 30 45 54 90 135 
271: 1 
272: 1 2 4 8 16 17 34 68 136 
273: 1 3 7 13 21 39 91 
274: 1 2 137 
275: 1 5 11 25 55 
276: 1 2 3 4 6 12 23 46 69 92 138 
277: 1 
278: 1 2 139 
279: 1 3 9 31 93 
280: 1 2 4 5 7 8 10 14 20 28 35 40 56 70 140 
281: 1 
282: 1 2 3 6 47 94 141 
283: 1 
284: 1 2 4 71 142 
285: 1 3 5 15 19 57 95 
286: 1 2 11 13 22 26 143 
287: 1 7 41 
288: 1 2 3 4 6 8 9 12 16 18 24 32 36 48 72 96 144 
289: 1 17 
290: 1 2 5 10 29 58 145 
291: 1 3 97 
292: 1 2 4 73 146 
293: 1 
294: 1 2 3 6 7 14 21 42 49 98 147 
295: 1 5 59 
296: 1 2 4 8 37 74 148 
297: 1 3 9 11 27 33 99 
298: 1 2 149 
299: 1 13 23 
300: 1 2 3 4 5 6 10 12 15 20 25 30 50 60 75 100 150 
301: 1 7 43 
302: 1 2 151 
303: 1 3 101 
304: 1 2 4 8 16 19 38 76 152 
305: 1 5 61 
306: 1 2 3 6 9 17 18 34 51 102 153 
307: 1 
308: 1 2 4 7 11 14 22 28 44 77 154 
309: 1 3 103 
310: 1 2 5 10 31 62 155 
311: 1 
312: 1 2 3 4 6 8 12 13 24 26 39 52 78 104 156 
313: 1 
314: 1 2 157 
315: 1 3 5 7 9 15 21 35 45 63 105 
316: 1 2 4 79 158 
317: 1 
318: 1 2 3 6 53 106 159 
319: 1 11 29 
320: 1 2 4 5 8 10 16 20 32 40 64 80 160 
321: 1 3 107 
322: 1 2 7 14 23 46 161 
323: 1 17 19 
324: 1 2 3 4 6 9 12 18 27 36 54 81 108 162 
325: 1 5 13 25 65 
326: 1 2 163 
327: 1 3 109 
328: 1 2 4 8 41 82 164 
329: 1 7 47 
330: 1 2 3 5 6 10 11 15 22 30 33 55 66 110 165 
331: 1 
332: 1 2 4 83 166 
333: 1 3 9 37 111 
334: 1 2 167 
335: 1 5 67 
336: 1 2 3 4 6 7 8 12 14 16 21 24 28 42 48 56 84 112 168 
337: 1 
338: 1 2 13 26 169 
339: 1 3 113 
340: 1 2 4 5 10 17 20 34 68 85 170 
341: 1 11 31 
342: 1 2 3 6 9 18 19 38 57 114 171 
343: 1 7 49 
344: 1 2 4 8 43 86 172 
345: 1 3 5 15 23 69 115 
346: 1 2 173 
347: 1 
348: 1 2 3 4 6 12 29 58 87 116 174 
349: 1 
350: 1 2 5 7 10 14 25 35 50 70 175 
351: 1 3 9 13 27 39 117 
352: 1 2 4 8 11 16 22 32 44 88 176 
353: 1 
354: 1 2 3 6 59 118 177 
355: 1 5 71 
356: 1 2 4 89 178 
357: 1 3 7 17 21 51 119 
358: 1 2 179 
359: 1 
360: 1 2 3 4 5 6 8 9 10 12 15 18 20 24 30 36 40 45 60 72 90 120 180 
361: 1 19 
362: 1 2 181 
363: 1 3 11 33 121 
364: 1 2 4 7 13 14 26 28 52 91 182 
365: 1 5 73 
366: 1 2 3 6 61 122 183 
367: 1 
368: 1 2 4 8 16 23 46 92 184 
369: 1 3 9 41 123 
370: 1 2 5 10 37 74 185 
371: 1 7 53 
372: 1 2 3 4 6 12 31 62 93 124 186 
373: 1 
374: 1 2 11 17 22 34 187 
375: 1 3 5 15 25 75 125 
376: 1 2 4 8 47 94 188 
377: 1 13 29 
378: 1 2 3 6 7 9 14 18 21 27 42 54 63 126 189 
379: 1 
380: 1 2 4 5 10 19 20 38 76 95 190 
381: 1 3 127 
382: 1 2 191 
383: 1 
384: 1 2 3 4 6 8 12 16 24 32 48 64 96 128 192 
385: 1 5 7 11 35 55 77 
386: 1 2 193 
387: 1 3 9 43 129 
388: 1 2 4 97 194 
389: 1 
390: 1 2 3 5 6 10 13 15 26 30 39 65 78 130 195 
391: 1 17 23 
392: 1 2 4 7 8 14 28 49 56 98 196 
393: 1 3 131 
394: 1 2 197 
395: 1 5 79 
396: 1 2 3 4 6 9 11 12 18 22 33 36 44 66 99 132 198 
397: 1 
398: 1 2 199 
399: 1 3 7 19 21 57 133 
400: 1 2 4 5 8 10 16 20 25 40 50 80 100 200 
401: 1 
402: 1 2 3 6 67 134 201 
403: 1 13 31 
404: 1 2 4 101 202 
405: 1 3 5 9 15 27 45 81 135 
406: 1 2 7 14 29 58 203 
407: 1 11 37 
408: 1 2 3 4 6 8 12 17 24 34 51 68 102 136 204 
409: 1 
410: 1 2 5 10 41 82 205 
411: 1 3 137 
412: 1 2 4 103 206 
413: 1 7 59 
414: 1 2 3 6 9 18 23 46 69 138 207 
415: 1 5 83 
416: 1 2 4 8 13 16 26 32 52 104 208 
417: 1 3 139 
418: 1 2 11 19 22 38 209 
419: 1 
420: 1 2 3 4 5 6 7 10 12 14 15 20 21 28 30 35 42 60 70 84 105 140 210 
421: 1 
422: 1 2 211 
423: 1 3 9 47 141 
424: 1 2 4 8 53 106 212 
425: 1 5 17 25 85 
426: 1 2 3 6 71 142 213 
427: 1 7 61 
428: 1 2 4 107 214 
429: 1 3 11 13 33 39 143 
430: 1 2 5 10 43 86 215 
431: 1 
432: 1 2 3 4 6 8 9 12 16 18 24 27 36 48 54 72 108 144 216 
433: 1 
434: 1 2 7 14 31 62 217 
435: 1 3 5 15 29 87 145 
436: 1 2 4 109 218 
437: 1 19 23 
438: 1 2 3 6 73 146 219 
439: 1 
440: 1 2 4 5 8 10 11 20 22 40 44 55 88 110 220 
441: 1 3 7 9 21 49 63 147 
442: 1 2 13 17 26 34 221 
443: 1 
444: 1 2 3 4 6 12 37 74 111 148 222 
445: 1 5 89 
446: 1 2 223 
447: 1 3 149 
448: 1 2 4 7 8 14 16 28 32 56 64 112 224 
449: 1 
450: 1 2 3 5 6 9 10 15 18 25 30 45 50 75 90 150 225 
451: 1 11 41 
452: 1 2 4 113 226 
453: 1 3 151 
454: 1 2 227 
455: 1 5 7 13 35 65 91 
456: 1 2 3 4 6 8 12 19 24 38 57 76 114 152 228 
457: 1 
458: 1 2 229 
459: 1 3 9 17 27 51 153 
460: 1 2 4 5 10 20 23 46 92 115 230 
461: 1 
462: 1 2 3 6 7 11 14 21 22 33 42 66 77 154 231 
463: 1 
464: 1 2 4 8 16 29 58 116 232 
465: 1 3 5 15 31 93 155 
466: 1 2 233 
467: 1 
468: 1 2 3 4 6 9 12 13 18 26 36 39 52 78 117 156 234 
469: 1 7 67 
470: 1 2 5 10 47 94 235 
471: 1 3 157 
472: 1 2 4 8 59 118 236 
473: 1 11 43 
474: 1 2 3 6 79 158 237 
475: 1 5 19 25 95 
476: 1 2 4 7 14 17 28 34 68 119 238 
477: 1 3 9 53 159 
478: 1 2 239 
479: 1 
480: 1 2 3 4 5 6 8 10 12 15 16 20 24 30 32 40 48 60 80 96 120 160 240 
481: 1 13 37 
482: 1 2 241 
483: 1 3 7 21 23 69 161 
484: 1 2 4 11 22 44 121 242 
485: 1 5 97 
486: 1 2 3 6 9 18 27 54 81 162 243 
487: 1 
488: 1 2 4 8 61 122 244 
489: 1 3 163 
490: 1 2 5 7 10 14 35 49 70 98 245 
491: 1 
492: 1 2 3 4 6 12 41 82 123 164 246 
493: 1 17 29 
494: 1 2 13 19 26 38 247 
495: 1 3 5 9 11 15 33 45 55 99 165 
496: 1 2 4 8 16 31 62 124 248 
496 is perfect
497: 1 7 71 
498: 1 2 3 6 83 166 249 
499: 1 
500: 1 2 4 5 10 20 25 50 100 125 250 
501: 1 3 167 
502: 1 2 251 
503: 1 
504: 1 2 3 4 6 7 8 9 12 14 18 21 24 28 36 42 56 63 72 84 126 168 252 
505: 1 5 101 
506: 1 2 11 22 23 46 253 
507: 1 3 13 39 169 
508: 1 2 4 127 254 
509: 1 
510: 1 2 3 5 6 10 15 17 30 34 51 85 102 170 255 
511: 1 7 73 
512: 1 2 4 8 16 32 64 128 256 
513: 1 3 9 19 27 57 171 
514: 1 2 257 
515: 1 5 103 
516: 1 2 3 4 6 12 43 86 129 172 258 
517: 1 11 47 
518: 1 2 7 14 37 74 259 
519: 1 3 173 
520: 1 2 4 5 8 10 13 20 26 40 52 65 104 130 260 
521: 1 
522: 1 2 3 6 9 18 29 58 87 174 261 
523: 1 
524: 1 2 4 131 262 
525: 1 3 5 7 15 21 25 35 75 105 175 
526: 1 2 263 
527: 1 17 31 
528: 1 2 3 4 6 8 11 12 16 22 24 33 44 48 66 88 132 176 264 
529: 1 23 
530: 1 2 5 10 53 106 265 
531: 1 3 9 59 177 
532: 1 2 4 7 14 19 28 38 76 133 266 
533: 1 13 41 
534: 1 2 3 6 89 178 267 
535: 1 5 107 
536: 1 2 4 8 67 134 268 
537: 1 3 179 
538: 1 2 269 
539: 1 7 11 49 77 
540: 1 2 3 4 5 6 9 10 12 15 18 20 27 30 36 45 54 60 90 108 135 180 270 
541: 1 
542: 1 2 271 
543: 1 3 181 
544: 1 2 4 8 16 17 32 34 68 136 272 
545: 1 5 109 
546: 1 2 3 6 7 13 14 21 26 39 42 78 91 182 273 
547: 1 
548: 1 2 4 137 274 
549: 1 3 9 61 183 
550: 1 2 5 10 11 22 25 50 55 110 275 
551: 1 19 29 
552: 1 2 3 4 6 8 12 23 24 46 69 92 138 184 276 
553: 1 7 79 
554: 1 2 277 
555: 1 3 5 15 37 111 185 
556: 1 2 4 139 278 
557: 1 
558: 1 2 3 6 9 18 31 62 93 186 279 
559: 1 13 43 
560: 1 2 4 5 7 8 10 14 16 20 28 35 40 56 70 80 112 140 280 
561: 1 3 11 17 33 51 187 
562: 1 2 281 
563: 1 
564: 1 2 3 4 6 12 47 94 141 188 282 
565: 1 5 113 
566: 1 2 283 
567: 1 3 7 9 21 27 63 81 189 
568: 1 2 4 8 71 142 284 
569: 1 
570: 1 2 3 5 6 10 15 19 30 38 57 95 114 190 285 
571: 1 
572: 1 2 4 11 13 22 26 44 52 143 286 
573: 1 3 191 
574: 1 2 7 14 41 82 287 
575: 1 5 23 25 115 
576: 1 2 3 4 6 8 9 12 16 18 24 32 36 48 64 72 96 144 192 288 
577: 1 
578: 1 2 17 34 289 
579: 1 3 193 
580: 1 2 4 5 10 20 29 58 116 145 290 
581: 1 7 83 
582: 1 2 3 6 97 194 291 
583: 1 11 53 
584: 1 2 4 8 73 146 292 
585: 1 3 5 9 13 15 39 45 65 117 195 
586: 1 2 293 
587: 1 
588: 1 2 3 4 6 7 12 14 21 28 42 49 84 98 147 196 294 
589: 1 19 31 
590: 1 2 5 10 59 118 295 
591: 1 3 197 
592: 1 2 4 8 16 37 74 148 296 
593: 1 
594: 1 2 3 6 9 11 18 22 27 33 54 66 99 198 297 
595: 1 5 7 17 35 85 119 
596: 1 2 4 149 298 
597: 1 3 199 
598: 1 2 13 23 26 46 299 
599: 1 
600: 1 2 3 4 5 6 8 10 12 15 20 24 25 30 40 50 60 75 100 120 150 200 300 
601: 1 
602: 1 2 7 14 43 86 301 
603: 1 3 9 67 201 
604: 1 2 4 151 302 
605: 1 5 11 55 121 
606: 1 2 3 6 101 202 303 
607: 1 
608: 1 2 4 8 16 19 32 38 76 152 304 
609: 1 3 7 21 29 87 203 
610: 1 2 5 10 61 122 305 
611: 1 13 47 
612: 1 2 3 4 6 9 12 17 18 34 36 51 68 102 153 204 306 
613: 1 
614: 1 2 307 
615: 1 3 5 15 41 123 205 
616: 1 2 4 7 8 11 14 22 28 44 56 77 88 154 308 
617: 1 
618: 1 2 3 6 103 206 309 
619: 1 
620: 1 2 4 5 10 20 31 62 124 155 310 
621: 1 3 9 23 27 69 207 
622: 1 2 311 
623: 1 7 89 
624: 1 2 3 4 6 8 12 13 16 24 26 39 48 52 78 104 156 208 312 
625: 1 5 25 125 
626: 1 2 313 
627: 1 3 11 19 33 57 209 
628: 1 2 4 157 314 
629: 1 17 37 
630: 1 2 3 5 6 7 9 10 14 15 18 21 30 35 42 45 63 70 90 105 126 210 315 
631: 1 
632: 1 2 4 8 79 158 316 
633: 1 3 211 
634: 1 2 317 
635: 1 5 127 
636: 1 2 3 4 6 12 53 106 159 212 318 
637: 1 7 13 49 91 
638: 1 2 11 22 29 58 319 
639: 1 3 9 71 213 
640: 1 2 4 5 8 10 16 20 32 40 64 80 128 160 320 
641: 1 
642: 1 2 3 6 107 214 321 
643: 1 
644: 1 2 4 7 14 23 28 46 92 161 322 
645: 1 3 5 15 43 129 215 
646: 1 2 17 19 34 38 323 
647: 1 
648: 1 2 3 4 6 8 9 12 18 24 27 36 54 72 81 108 162 216 324 
649: 1 11 59 
650: 1 2 5 10 13 25 26 50 65 130 325 
651: 1 3 7 21 31 93 217 
652: 1 2 4 163 326 
653: 1 
654: 1 2 3 6 109 218 327 
655: 1 5 131 
656: 1 2 4 8 16 41 82 164 328 
657: 1 3 9 73 219 
658: 1 2 7 14 47 94 329 
659: 1 
660: 1 2 3 4 5 6 10 11 12 15 20 22 30 33 44 55 60 66 110 132 165 220 330 
661: 1 
662: 1 2 331 
663: 1 3 13 17 39 51 221 
664: 1 2 4 8 83 166 332 
665: 1 5 7 19 35 95 133 
666: 1 2 3 6 9 18 37 74 111 222 333 
667: 1 23 29 
668: 1 2 4 167 334 
669: 1 3 223 
670: 1 2 5 10 67 134 335 
671: 1 11 61 
672: 1 2 3 4 6 7 8 12 14 16 21 24 28 32 42 48 56 84 96 112 168 224 336 
673: 1 
674: 1 2 337 
675: 1 3 5 9 15 25 27 45 75 135 225 
676: 1 2 4 13 26 52 169 338 
677: 1 
678: 1 2 3 6 113 226 339 
679: 1 7 97 
680: 1 2 4 5 8 10 17 20 34 40 68 85 136 170 340 
681: 1 3 227 
682: 1 2 11 22 31 62 341 
683: 1 
684: 1 2 3 4 6 9 12 18 19 36 38 57 76 114 171 228 342 
685: 1 5 137 
686: 1 2 7 14 49 98 343 
687: 1 3 229 
688: 1 2 4 8 16 43 86 172 344 
689: 1 13 53 
690: 1 2 3 5 6 10 15 23 30 46 69 115 138 230 345 
691: 1 
692: 1 2 4 173 346 
693: 1 3 7 9 11 21 33 63 77 99 231 
694: 1 2 347 
695: 1 5 139 
696: 1 2 3 4 6 8 12 24 29 58 87 116 174 232 348 
697: 1 17 41 
698: 1 2 349 
699: 1 3 233 
700: 1 2 4 5 7 10 14 20 25 28 35 50 70 100 140 175 350 
701: 1 
702: 1 2 3 6 9 13 18 26 27 39 54 78 117 234 351 
703: 1 19 37 
704: 1 2 4 8 11 16 22 32 44 64 88 176 352 
705: 1 3 5 15 47 141 235 
706: 1 2 353 
707: 1 7 101 
708: 1 2 3 4 6 12 59 118 177 236 354 
709: 1 
710: 1 2 5 10 71 142 355 
711: 1 3 9 79 237 
712: 1 2 4 8 89 178 356 
713: 1 23 31 
714: 1 2 3 6 7 14 17 21 34 42 51 102 119 238 357 
715: 1 5 11 13 55 65 143 
716: 1 2 4 179 358 
717: 1 3 239 
718: 1 2 359 
719: 1 
720: 1 2 3 4 5 6 8 9 10 12 15 16 18 20 24 30 36 40 45 48 60 72 80 90 120 144 180 240 360 
721: 1 7 103 
722: 1 2 19 38 361 
723: 1 3 241 
724: 1 2 4 181 362 
725: 1 5 25 29 145 
726: 1 2 3 6 11 22 33 66 121 242 363 
727: 1 
728: 1 2 4 7 8 13 14 26 28 52 56 91 104 182 364 
729: 1 3 9 27 81 243 
730: 1 2 5 10 73 146 365 
731: 1 17 43 
732: 1 2 3 4 6 12 61 122 183 244 366 
733: 1 
734: 1 2 367 
735: 1 3 5 7 15 21 35 49 105 147 245 
736: 1 2 4 8 16 23 32 46 92 184 368 
737: 1 11 67 
738: 1 2 3 6 9 18 41 82 123 246 369 
739: 1 
740: 1 2 4 5 10 20 37 74 148 185 370 
741: 1 3 13 19 39 57 247 
742: 1 2 7 14 53 106 371 
743: 1 
744: 1 2 3 4 6 8 12 24 31 62 93 124 186 248 372 
745: 1 5 149 
746: 1 2 373 
747: 1 3 9 83 249 
748: 1 2 4 11 17 22 34 44 68 187 374 
749: 1 7 107 
750: 1 2 3 5 6 10 15 25 30 50 75 125 150 250 375 
751: 1 
752: 1 2 4 8 16 47 94 188 376 
753: 1 3 251 
754: 1 2 13 26 29 58 377 
755: 1 5 151 
756: 1 2 3 4 6 7 9 12 14 18 21 27 28 36 42 54 63 84 108 126 189 252 378 
757: 1 
758: 1 2 379 
759: 1 3 11 23 33 69 253 
760: 1 2 4 5 8 10 19 20 38 40 76 95 152 190 380 
761: 1 
762: 1 2 3 6 127 254 381 
763: 1 7 109 
764: 1 2 4 191 382 
765: 1 3 5 9 15 17 45 51 85 153 255 
766: 1 2 383 
767: 1 13 59 
768: 1 2 3 4 6 8 12 16 24 32 48 64 96 128 192 256 384 
769: 1 
770: 1 2 5 7 10 11 14 22 35 55 70 77 110 154 385 
771: 1 3 257 
772: 1 2 4 193 386 
773: 1 
774: 1 2 3 6 9 18 43 86 129 258 387 
775: 1 5 25 31 155 
776: 1 2 4 8 97 194 388 
777: 1 3 7 21 37 111 259 
778: 1 2 389 
779: 1 19 41 
780: 1 2 3 4 5 6 10 12 13 15 20 26 30 39 52 60 65 78 130 156 195 260 390 
781: 1 11 71 
782: 1 2 17 23 34 46 391 
783: 1 3 9 27 29 87 261 
784: 1 2 4 7 8 14 16 28 49 56 98 112 196 392 
785: 1 5 157 
786: 1 2 3 6 131 262 393 
787: 1 
788: 1 2 4 197 394 
789: 1 3 263 
790: 1 2 5 10 79 158 395 
791: 1 7 113 
792: 1 2 3 4 6 8 9 11 12 18 22 24 33 36 44 66 72 88 99 132 198 264 396 
793: 1 13 61 
794: 1 2 397 
795: 1 3 5 15 53 159 265 
796: 1 2 4 199 398 
797: 1 
798: 1 2 3 6 7 14 19 21 38 42 57 114 133 266 399 
799: 1 17 47 
800: 1 2 4 5 8 10 16 20 25 32 40 50 80 100 160 200 400 
801: 1 3 9 89 267 
802: 1 2 401 
803: 1 11 73 
804: 1 2 3 4 6 12 67 134 201 268 402 
805: 1 5 7 23 35 115 161 
806: 1 2 13 26 31 62 403 
807: 1 3 269 
808: 1 2 4 8 101 202 404 
809: 1 
810: 1 2 3 5 6 9 10 15 18 27 30 45 54 81 90 135 162 270 405 
811: 1 
812: 1 2 4 7 14 28 29 58 116 203 406 
813: 1 3 271 
814: 1 2 11 22 37 74 407 
815: 1 5 163 
816: 1 2 3 4 6 8 12 16 17 24 34 48 51 68 102 136 204 272 408 
817: 1 19 43 
818: 1 2 409 
819: 1 3 7 9 13 21 39 63 91 117 273 
820: 1 2 4 5 10 20 41 82 164 205 410 
821: 1 
822: 1 2 3 6 137 274 411 
823: 1 
824: 1 2 4 8 103 206 412 
825: 1 3 5 11 15 25 33 55 75 165 275 
826: 1 2 7 14 59 118 413 
827: 1 
828: 1 2 3 4 6 9 12 18 23 36 46 69 92 138 207 276 414 
829: 1 
830: 1 2 5 10 83 166 415 
831: 1 3 277 
832: 1 2 4 8 13 16 26 32 52 64 104 208 416 
833: 1 7 17 49 119 
834: 1 2 3 6 139 278 417 
835: 1 5 167 
836: 1 2 4 11 19 22 38 44 76 209 418 
837: 1 3 9 27 31 93 279 
838: 1 2 419 
839: 1 
840: 1 2 3 4 5 6 7 8 10 12 14 15 20 21 24 28 30 35 40 42 56 60 70 84 105 120 140 168 210 280 420 
841: 1 29 
842: 1 2 421 
843: 1 3 281 
844: 1 2 4 211 422 
845: 1 5 13 65 169 
846: 1 2 3 6 9 18 47 94 141 282 423 
847: 1 7 11 77 121 
848: 1 2 4 8 16 53 106 212 424 
849: 1 3 283 
850: 1 2 5 10 17 25 34 50 85 170 425 
851: 1 23 37 
852: 1 2 3 4 6 12 71 142 213 284 426 
853: 1 
854: 1 2 7 14 61 122 427 
855: 1 3 5 9 15 19 45 57 95 171 285 
856: 1 2 4 8 107 214 428 
857: 1 
858: 1 2 3 6 11 13 22 26 33 39 66 78 143 286 429 
859: 1 
860: 1 2 4 5 10 20 43 86 172 215 430 
861: 1 3 7 21 41 123 287 
862: 1 2 431 
863: 1 
864: 1 2 3 4 6 8 9 12 16 18 24 27 32 36 48 54 72 96 108 144 216 288 432 
865: 1 5 173 
866: 1 2 433 
867: 1 3 17 51 289 
868: 1 2 4 7 14 28 31 62 124 217 434 
869: 1 11 79 
870: 1 2 3 5 6 10 15 29 30 58 87 145 174 290 435 
871: 1 13 67 
872: 1 2 4 8 109 218 436 
873: 1 3 9 97 291 
874: 1 2 19 23 38 46 437 
875: 1 5 7 25 35 125 175 
876: 1 2 3 4 6 12 73 146 219 292 438 
877: 1 
878: 1 2 439 
879: 1 3 293 
880: 1 2 4 5 8 10 11 16 20 22 40 44 55 80 88 110 176 220 440 
881: 1 
882: 1 2 3 6 7 9 14 18 21 42 49 63 98 126 147 294 441 
883: 1 
884: 1 2 4 13 17 26 34 52 68 221 442 
885: 1 3 5 15 59 177 295 
886: 1 2 443 
887: 1 
888: 1 2 3 4 6 8 12 24 37 74 111 148 222 296 444 
889: 1 7 127 
890: 1 2 5 10 89 178 445 
891: 1 3 9 11 27 33 81 99 297 
892: 1 2 4 223 446 
893: 1 19 47 
894: 1 2 3 6 149 298 447 
895: 1 5 179 
896: 1 2 4 7 8 14 16 28 32 56 64 112 128 224 448 
897: 1 3 13 23 39 69 299 
898: 1 2 449 
899: 1 29 31 
900: 1 2 3 4 5 6 9 10 12 15 18 20 25 30 36 45 50 60 75 90 100 150 180 225 300 450 
901: 1 17 53 
902: 1 2 11 22 41 82 451 
903: 1 3 7 21 43 129 301 
904: 1 2 4 8 113 226 452 
905: 1 5 181 
906: 1 2 3 6 151 302 453 
907: 1 
908: 1 2 4 227 454 
909: 1 3 9 101 303 
910: 1 2 5 7 10 13 14 26 35 65 70 91 130 182 455 
911: 1 
912: 1 2 3 4 6 8 12 16 19 24 38 48 57 76 114 152 228 304 456 
913: 1 11 83 
914: 1 2 457 
915: 1 3 5 15 61 183 305 
916: 1 2 4 229 458 
917: 1 7 131 
918: 1 2 3 6 9 17 18 27 34 51 54 102 153 306 459 
919: 1 
920: 1 2 4 5 8 10 20 23 40 46 92 115 184 230 460 
921: 1 3 307 
922: 1 2 461 
923: 1 13 71 
924: 1 2 3 4 6 7 11 12 14 21 22 28 33 42 44 66 77 84 132 154 231 308 462 
925: 1 5 25 37 185 
926: 1 2 463 
927: 1 3 9 103 309 
928: 1 2 4 8 16 29 32 58 116 232 464 
929: 1 
930: 1 2 3 5 6 10 15 30 31 62 93 155 186 310 465 
931: 1 7 19 49 133 
932: 1 2 4 233 466 
933: 1 3 311 
934: 1 2 467 
935: 1 5 11 17 55 85 187 
936: 1 2 3 4 6 8 9 12 13 18 24 26 36 39 52 72 78 104 117 156 234 312 468 
937: 1 
938: 1 2 7 14 67 134 469 
939: 1 3 313 
940: 1 2 4 5 10 20 47 94 188 235 470 
941: 1 
942: 1 2 3 6 157 314 471 
943: 1 23 41 
944: 1 2 4 8 16 59 118 236 472 
945: 1 3 5 7 9 15 21 27 35 45 63 105 135 189 315 
946: 1 2 11 22 43 86 473 
947: 1 
948: 1 2 3 4 6 12 79 158 237 316 474 
949: 1 13 73 
950: 1 2 5 10 19 25 38 50 95 190 475 
951: 1 3 317 
952: 1 2 4 7 8 14 17 28 34 56 68 119 136 238 476 
953: 1 
954: 1 2 3 6 9 18 53 106 159 318 477 
955: 1 5 191 
956: 1 2 4 239 478 
957: 1 3 11 29 33 87 319 
958: 1 2 479 
959: 1 7 137 
960: 1 2 3 4 5 6 8 10 12 15 16 20 24 30 32 40 48 60 64 80 96 120 160 192 240 320 480 
961: 1 31 
962: 1 2 13 26 37 74 481 
963: 1 3 9 107 321 
964: 1 2 4 241 482 
965: 1 5 193 
966: 1 2 3 6 7 14 21 23 42 46 69 138 161 322 483 
967: 1 
968: 1 2 4 8 11 22 44 88 121 242 484 
969: 1 3 17 19 51 57 323 
970: 1 2 5 10 97 194 485 
971: 1 
972: 1 2 3 4 6 9 12 18 27 36 54 81 108 162 243 324 486 
973: 1 7 139 
974: 1 2 487 
975: 1 3 5 13 15 25 39 65 75 195 325 
976: 1 2 4 8 16 61 122 244 488 
977: 1 
978: 1 2 3 6 163 326 489 
979: 1 11 89 
980: 1 2 4 5 7 10 14 20 28 35 49 70 98 140 196 245 490 
981: 1 3 9 109 327 
982: 1 2 491 
983: 1 
984: 1 2 3 4 6 8 12 24 41 82 123 164 246 328 492 
985: 1 5 197 
986: 1 2 17 29 34 58 493 
987: 1 3 7 21 47 141 329 
988: 1 2 4 13 19 26 38 52 76 247 494 
989: 1 23 43 
990: 1 2 3 5 6 9 10 11 15 18 22 30 33 45 55 66 90 99 110 165 198 330 495 
991: 1 
992: 1 2 4 8 16 31 32 62 124 248 496 
993: 1 3 331 
994: 1 2 7 14 71 142 497 
995: 1 5 199 
996: 1 2 3 4 6 12 83 166 249 332 498 
997: 1 
998: 1 2 499 
999: 1 3 9 27 37 111 333 
1000: 1 2 4 5 8 10 20 25 40 50 100 125 200 250 500 
